1 0 8179319 1
1 0 8175924 0
1 0 8171320 0
1 0 1ARK9k0RdN 1
1 0 8179319 1
1 0 1ARK55a4P3 1
1 0 8171320 0
2 0 1ARK5BGJmy 0
2 0 8183831 1
2 0 8182655 0
2 0 8171291 1
2 0 1ARK513aS9 1
2 0 8170479 1
2 0 1ARK9is3JZ 0
2 0 1ARK52BR0T 1
2 0 1ARK9k0AeT 0
2 0 1ARK9l978T 1
3 0 1ARK9hiYKd 0
3 0 8175176 0
3 0 8178065 0
3 0 1ARK5A7eLt 0
3 0 1ARK9nNzAV 1
3 0 1ARK9hipRj 0
3 0 1ARK55aKv2 0
3 0 8183831 0
3 0 8174100 0
3 0 1ARK9l978T 0
4 0 8173379 1
4 0 1ARK9iqP1H 1
4 0 1ARK9hiYKd 1
4 0 8172422 1
4 0 1ARK57sEUQ 0
4 0 1ARK54SUxt 1
4 0 8185569 1
4 0 1ARK56jI8f 1
4 0 8181173 1
4 0 8175399 1
5 0 8173725 1
5 0 1ARK56kf33 1
5 0 1ARK9isbHL 0
5 0 8180166 1
5 0 1ARK54TapJ 1
5 0 1ARK54Slsf 1
5 0 1ARK9hi0Qw 1
5 0 1ARK5A7v4C 1
5 0 8175841 1
5 0 1ARK56iSet 1
6 0 1ARK53Lkrw 0
6 0 8175924 1
6 0 1ARK54U8rA 0
6 0 1ARK56kvxs 1
6 0 1ARK513IwD 0
6 0 1ARK5A7eLt 0
6 0 1ARK57sEUQ 0
6 0 1ARK55aKv2 0
6 0 8178065 0
6 0 1ARK9isK63 0
7 0 8172333 0
7 0 1ARK9is3FL 1
7 0 8184269 0
7 0 8181498 1
7 0 1ARK9k0j0z 1
7 0 1ARK54SDur 1
7 0 1ARK53K6B1 0
7 0 1ARK9irEIi 1
7 0 1ARK5A7e5K 1
7 0 8181763 1
